00000110100011100010110000010111010010010001010000000110000
00110111110111000010101000010111010010010001010000000110000
00000010001000100010111000011111010010010001010000000110000
00011000001101100010100100010111010010010001010000000110000
01101001001100000010110100011111010010010001010000000110000
00110010010110100010101100011111010010010001010000000110000
01110110100111000010111100010111010010010001010000000110000
00100111000110100010100010010111010010010001010000000110000
00101011010100100010110010011111010010010001010000000110000
01010001001010000010100001010111010010010001010000000110000
00101111101110100010110001011111010010010001010000000110000
00100110001000100010101001011111010010010001010000000110000
00000000001111100010111001010111010010010001010000000110000
00000010011100000010100101011111010010010001010000000110000
00000100011110100010110101010111010010010001010000000110000
00010010110001100010101101010111010010010001010000000110000
01001101101110000010111101011111010010010001010000000110000
00100101011110100010100011011111010010010001010000000110000
01001011110000000010110011010111010010010001010000000110000
00100010110110000010100000000000110010010001010000000110000
00000110000111000010110000001000110010010001010000000110000
00010011010100000010101000001000110010010001010000000110000
01011110001110000010111000000000110010010001010000000110000
00001100001001000010100100001000110010010001010000000110000
00100011011100100010110100000000110010010001010000000110000
00110111110101100010101100000000110010010001010000000110000
00000011000011100010111100001000110010010001010000000110000
01000000010011100010100010001000110010010001010000000110000
01011000100001000010110010000000110010010001010000000110000
00111100001001100010100001001000110010010001010000000110000
01111101010101000010110001000000110010010001010000000110000
00000001100100100010101001000000110010010001010000000110000
00101101000011100010111001001000110010010001010000000110000
00100001100000000010100101000000110010010001010000000110000
01100111010111000010110101001000110010010001010000000110000
00001111010011100010101101001000110010010001010000000110000
01101100100011100010111101000000110010010001010000000110000
01000010101001000010100011000000110010010001010000000110000
00110010001100100010110011001000110010010001010000000110000
00011101111000100010100000101000110010010001010000000110000
01000011000001000010110000100000110010010001010000000110000
00010100011101000010101000100000110010010001010000000110000